n=35
tau_limit=6.0
initial_state=(0.6923266371762138, -0.6923266371762138, 2.6834835055473087, -0.634777, 0, 4.677687)
theta_limit=[2.0943951023931953, 0.9, 2.8797932657906435]
speed_limit=12
ladder_distance=0.34
final_state=(-0.35, 0.0, 0.83, 0.75, -0.2, 1)
theta2VelMultip=1.75
theta3VelMultip=2
K=54
torque1_multip=1
torque2_multip=1
R=120
time_panalization=50
init_guess=[0.0, 1.5]
max_timestep=0.5
min_timestep=0.005
