n=40
tau_limit=6
initial_state=(0, 0, 0, 0, 0.0, 0)
theta_limit=[2.0943951023931953, 0.9, 2.8797932657906435]
speed_limit=12
ladder_distance=0.34
final_state=(-0.345, 0.0, 0.83, 0.75, 1.6653345369377348e-16, 1)
theta2VelMultip=1
theta3VelMultip=1
K=100
torque1_multip=1
torque2_multip=70
R=100
time_panalization=0
init_guess=[0.0, 3.0]
max_timestep=0.5
min_timestep=0.005
