n=60
tau_limit=6.0
initial_state=(0, 0, 0, 0, 0, 0)
theta_limit=[2.0943951023931953, 0.9, 2.8797932657906435]
speed_limit=12
ladder_distance=0.34
final_state=(0.35, 0.025, 0.74, -1.4)
theta2VelMultip=1.2
theta3VelMultip=1
K=200
torque1_multip=2.6
torque2_multip=2.2
R=200
time_panalization=0
init_guess=[0.0, 3.2]
max_timestep=0.5
min_timestep=0.005
useRefTraj=1
